              precision    recall  f1-score   support

           0       0.89      0.85      0.87      1000
           1       0.90      0.91      0.90      1000
           2       0.79      0.81      0.80      1000
           3       0.74      0.78      0.76      1000
           4       0.85      0.83      0.84      1000
           5       0.81      0.79      0.80      1000
           6       0.88      0.89      0.88      1000
           7       0.92      0.90      0.91      1000
           8       0.86      0.87      0.86      1000
           9       0.84      0.85      0.84      1000

    accuracy                           0.85     10000
   macro avg       0.85      0.85      0.85     10000
weighted avg       0.85      0.85      0.85     10000
